# Mode Configurations

### _K7OutMode[]

| App Mode | Hardware Mode | Notch Gain |
| -------- | ------------- | ---------- |
| 0        | 44            |            |
| 1        | 44            |            |
| 2        | 44            |            |
| 3        | 44            |            |
| 4        | 44            |            |
| 5        | 44            |            |
| 6        | 44            |            |
| 7        | 42            |            |
| 8        | 42            |            |
| 9        | 43            |            |
| 10       | 43            |            |
| 11       | 43            |            |
| 12       | 46            |            |
| 13       | 45            |            |
| 14       | 42            |            |
| 15       | 43            |            |
| 16       | 11            |            |
| 17       | 11            |            |
| 18       | 255           |            |
| 19       | 39            |            |
| 20       | 118           |            |
| 21       | 51            |            |
| 22       | 112           |            |